[["Name","Width","Switch_list","Height","Rotation","Anchor1_x","Anchor1_y","Anchor2_x","Anchor2_y","Anchor3_rot","Anchor3_x","Anchor3_y"],
  ["Loop links",[[2,1],[3,1]],140,140,90,30,140,140,50],
  ["Loop rechts",[[2,1],[3,1]],140,140,90,0,50,110,140],
  ["Station (5 sporen/3 bakken)",[[1,1],[4,1],[6,1],[6,2],[10,1],[10,2]],600,80,0,0,50,600,50],
  ["Station (5 sporen/4 bakken)",[[1,1],[4,1],[6,1],[6,2],[10,1],[10,2]],800,80,0,0,50,800,50],
  ["T splitsing",[[2,1],[5,1]],140,800,0,0,50,180,50,90,90,140],
  ["Rangeerbrug",[[3,1]],135,80,0,0,50,135,50],
  ["Rangeer",[[1,1],[1,2],[1,3,3],[1,4],[1,5]],676,80,0,0,95,668,95],
  ["Brug",[],800,80,0,0,50,800,50],
  ["Stad",[],800,80,0,0,50,800,50],
  ["Bocht",[],420,420,90,0,50,370,420],
  ["Bocht_s",[],200,200,90,0,50,170,220],
  ["Stad",[],800,80,0,0,50,800,50],
  ["Stad",[],800,80,0,0,50,800,50],
  ["Stad",[],800,80,0,0,50,800,50]
]
